-35.93732526517526
-71.01304963708759
64.10840427487526
-67.69845440358915
90.01860301761613
-32.71679091040684
-69.71149668504044
35.716779713997965
-53.86499064343737
94.11859187290835
90.90909806409601
-35.280572546169225
-50.52663401432458
-61.466515308147216
-66.64179623856892
25.63984762541989
-50.96959257780116
-75.28512088801
34.83926565412327
46.9781006269817
-16.640589884243283
-8.38099217808039
63.740243050508354
-2.6919437505154633
-9.122654103555973
-79.60230306664265
-32.13919772856167
62.12708738414108
87.9624312574137
31.03265915500876
8.771147177064663
26.056451464429514
-89.19403226041412
-65.20918707058374
-84.63885402711287
2.1321657307767197
13.968252215622385
8.172306701578023
48.850192207305724
-31.795892081390818
-9.799427654734032
-61.67258135511018
71.84658411143957
8.426981548432664
10.657212901355749
97.04267071718184
8.904460341805276
37.38262427052331
24.655988104705614
62.57998312808397
35.601910215879
11.111224272024089
-77.13861539925497
52.24844488757617
-19.514655415662503
-59.78733614216851
-0.38045663645731054
-52.724667449269006
-24.336839060734277
-55.435975397735724
-22.2946646412272
-18.123912381895394
2.698833994975061
-70.40558017019606
64.05717260023906
-36.757631754913575
87.07210492663441
-83.76935464290354
5.829541001589604
60.13478336112178
26.01707025005686
-42.56555569526918
48.66210131570844
-82.51782604039641
-42.18270178622987
95.92612324101825
-50.72469132498465
81.82424144100432
75.93138121981752
46.823230670622195
17.48438993357692
44.48508238897389
17.96195911290488
17.649132867908364
69.11706168514215
69.96995085531341
2.6923475219685855
-65.21930707657948
-13.375754362225024
-60.7891532300471
25.314594969931605
94.00928591352934
-68.11995857019582
-37.816413311810734
-90.31779270346067
-51.13446141900526
-13.2587946341648
-39.98251213563635
22.1997481065293
0.9044709900629044
-44.94314590848478
48.46365079431342
-57.28706467628679
-85.37967093943416
28.77790732505295
-56.92425702450332
57.11827221173678
37.898723587916294
36.19235088945169
8.59878385030926
-88.65108807793337
11.376274890509677
-86.70241710288992
-50.296214741237065
-81.5298420344568
-91.81437674376383
73.98861325195048
-23.628608171138254
-20.936751335079734
-88.12189080604878
-69.07734075913874
-45.42884590707348
-13.263388741050576
70.39201273302962
-99.16141075860156
13.685578055709911
-7.518786843586753
-7.8068042713666586
32.70629492700547
17.973428020369383
-33.895670948264154
-36.87023085276033
65.4490655273114
-47.83413636341785
-21.362991347158797
63.994172028976465
-23.795487290707527
-9.299932539209692
-86.2824820196005
-17.177666158446385
-24.646227888663375
-76.92405664157955
62.77324025975756
-38.5874886493981
89.30542022758792
-19.250881192502206
45.0266927887119
7.492570902662692
-96.84085919930388
-72.70028623497598
-28.46712206156039
-98.17342095668413
91.18863376745188
-3.6441606488084375
85.42352417545615
39.07011902253885
47.44877489995011
9.352183355215487
-40.207293253886725
-45.51928979177895
-22.992465388288096
34.283807034833416
-40.74981146165504
-57.16808186603468
-65.53268439005562
-91.89108082746364
56.94279570461961
61.3089508372513
88.5052842700184
0.5054180869600913
98.94850428754992
54.17582804192719
42.60047196095152
-26.111519891874707
33.2271956237594
-95.3223122851008
42.88939368854756
5.205807352119862
-46.85799367497305
77.71870146711072
-85.98631423612181
-84.83704261037472
-13.782902106637039
-16.434502280627015
11.387735970083227
-37.159877082300305
-48.12787066960791
-5.307757535570204
-47.67755263743656
-32.603313010170254
-79.46187748333828
-43.13866190129676
-99.3306441587242
-90.7339503389721
-3.797203720692636
74.62685181346032
-17.03021961621161
-56.43096634953593
-98.52482555165318
63.34934346627318
18.735048029156957
77.0355117711176
28.225802641454976
-69.35517837625966
69.3178645048906
41.36022196579057
-63.03826679091087
-16.40654858665644
6.346681124789868
-70.57061899593418
-67.70185070260102
1.4353234156021557
-57.608006248564436
57.6918487764556
-46.75273843583276
-8.620918210888306
30.0602216845368
-6.47869597735486
-28.70315093177996
38.68598674979907
33.775278759806184
-39.33442495698436
-61.05533807416248
28.45448584010478
90.54589783177121
4.914388686895535
-39.83930598299352
-87.67900547148129
72.5793943323983
37.66196001920298
-41.25606708878114
-79.5478055829485
-32.92072649024411
-98.75754756937825
49.46201515465117
-9.25410679508623
-6.2693105249489065
84.7464542348446
-6.9591826585683805
-99.96197139651211
94.34170764862708
85.05624140946446
16.658478349932835
-5.738986657734046
-48.394243626737435
39.859374556146975
-23.46139584179913
11.603501966159783
-72.6815226045411
-79.04923576192323
24.962970719194445
-15.173653995970042
-2.2006649062979307
60.84803458535785
95.51289474092434
39.127805000153415
51.16913244872353
-77.99936637040688
59.19022402156139
-8.048425853275361
-73.39012575286944
17.32286949464465
-70.32408116331443
62.001529112652264
56.449550598343876
-15.225103748623695
-19.361995658077703
96.11332974382017
-25.61116289526666
-4.48713734852808
83.81049232223515
-92.90151903426198
-43.15780940573934
-24.49136244231906
75.22518252019535
-21.62859962041979
-77.35892254226233
-75.25090358913118
67.84964995964509
52.57342073515997
54.6540558575758
11.340737919363207
90.00903241478738
-29.566347061542444
80.73948826113778
-25.799768944962054
15.204323108605806
-44.38522647913503
48.41402737882737
-5.757054163202312
-94.89494030223493
12.202916220875835
49.45553410801858
9.556376291155331
84.56017928740201
69.71194104935302
-9.042131926781252
-85.24453063319334
-43.25330647253966
56.987136078118965
-54.05183948473245
60.11325968702184
88.08737016395645
7.414822105232943
-10.335281397019983
60.81934792419011
-0.8242373886728842
-38.07889811212828
63.51442756438425
-18.379632413365982
-91.87209735876571
78.02452979666637
-25.637691076637225
-57.566456546653576
42.04660552103351
99.71141155363281
-6.20486771523035
-97.85872281071659
-86.33080589130236
-68.11818600206496
-92.24995162472112
-78.18218352145331
46.19954566522338
-24.14441804579303
28.654872746484585
82.02310539897323
-15.482545287195421
-53.766042725974984
65.51115967965885
43.92503124775274
-20.277948293716364
-45.646933405714705
90.34786643470292
-91.23215678180085
-61.87294445549034
-38.01130730793258
-76.97093000144855
95.90603916860891
-5.140174154610165
-93.12406996139231
-59.38970630196096
-67.92722883058929
-40.196997968329164
-46.6485561411212
-37.73712347020562
59.20395544857783
50.940790348184834
40.81731977542819
21.67329485665563
78.57875789552494
13.036657873932114
34.5680068080369
56.14292511740726
-83.76949047270583
-84.9203064789581
-39.86894412124293
-85.09958472675854
60.660892947523735
-62.02404946168498
-94.8758251408676
50.55217859522688
-27.409427996621687
14.906101134274891
4.990027658265504
71.26716293068898
-54.031664777701
-70.65311459202553
-86.76351650350426
67.08375335778527
0.4841010534657926
94.15067857778374
-72.30277756050249
-7.733921891217221
-39.39774274688838
-97.17456607036652
-52.75699892496044
19.16776585069782
57.13061540783744
-68.78386820214746
-28.54097948631143
25.85914343837878
2.5073864471590923
64.48488511154383
38.95401543478329
70.52286643402977
-44.49609805958128
-35.6193767791417
81.68495776931229
-38.52811762095618
2.72012187975011
-83.80960161513985
-31.52301723023001
95.95018854956234
96.3524561055832
98.09928088433878
55.52011540863646
83.6156737348484
-75.67446029987826
33.584553324280705
21.527606922338435
32.17747180878473
94.28108474971378
-7.695773299334149
50.39143995567346
-70.79284926366327
-10.392165858830367
-53.14673406033332
12.309813836618929
6.47970916360174
-92.73823031730437
-56.2998341075188
12.434229668010218
-39.475772357947946
-86.25555216117053
11.472696446719596
-37.84738327696571
-51.68843374555963
-32.58357224529817
-6.486593140818613
-94.4038637749921
39.957498909091896
45.34474942147148
89.7468717923336
46.30352794574458
28.58627649196322
-19.987385525796128
-56.79626666000972
-74.0301668052528
95.7373143651007
-32.9217042988581
-39.11686609000955
-3.876304077222173
4.910582567561519
-67.94176199354706
60.19058254374721
-12.195424533650694
-74.81876926422561
11.929972830283447
13.46355555732319
-27.38387248171368
16.812289197681025
-48.73428498037353
22.38808838677599
-8.91879955747524
41.841318187943244
47.232490021941686
21.577506962877564
-58.592865603972896
-75.75437543443597
72.06723786447358
-52.786986590739836
71.60712655815055
-60.02908514700165
-64.25692008930315
-69.61931075854777
-43.5716948522965
82.71086711101958
-78.6176284754062
19.71675350119915
-56.459098414047794
81.66892767286689
-42.88453066960749
-92.12769463124462
23.173531759236667
-63.99801006385437
11.209881032059911
41.232025527147044
37.850001702704475
13.5369666696282
-63.453828161481326
87.25600066615124
32.38437174193095
-3.262126554796808
-72.02823656877058
-57.881442260327006
55.39265374230973
89.71080798449077
40.265980924320814
-67.24532180030786
37.10740914949747
89.41936704770734
-30.250924536789128
-94.50920896446068
-45.752429787293146
-51.52181416047754
58.45055987811037
33.53876136820472
-11.782332594589718
65.69762909405455
77.33031331177799
86.5694445329728
-36.36258738792375
-15.450258939823101
17.6867514422415
-46.44949884459546
-72.94914949177394
-42.289852935744385
-11.16250069339489
55.594013609181104
-15.331353857575138
-72.41438940245335
-90.40496317779763
-16.85535680895272
22.290944875514953
46.9392383260016
-6.774473959801625
3.8953823329056263
54.340496035781115
-33.49072251620284
19.120237227517677
-80.97915262355781
64.77958740295742
64.74478179193329
-0.5760529411088982
-61.31058610597498
6.034756923887599
72.00086920039433
66.93711657101383
36.91867549026938
94.37787494999111
-97.82806782895435
-51.043784662152916
-62.21533121267902
65.10833977744284
36.36947718636668
94.39620570721706
-74.87506940321782
-31.702275901831072
24.737570851412443
-13.678118548811426
-95.60351975087028
16.44742956399132
-34.775397930779235
44.31986800810347
73.06812425113748
-31.9957740823494
49.09489213296388
-22.63984258224272
-67.01514511660184
-77.49110136210267
55.491028653007106
34.16670818681439
16.71220523921575
-72.52394026207465
-65.46829833517984
24.108879440230368
10.467481764454888
-4.984306777538251
54.78809916293787
-99.35062817856692
84.95297255772405
-90.1585382517521
93.8221529775584
44.53213042206144
90.44208864756419
-56.45927233017416
-4.738136249370825
-5.289364973369942
2.9299949571006465
-70.83862875410728
44.24364658244724
-33.7268425323775
95.80442696587289
-4.159014173181362
97.86474609410897
-64.95906788851013
-81.65100483661796
-20.056977016880694
-56.22483871353467
53.220646195147935
12.163207852840102
65.57043620214804
54.05037312110517
48.08629960507102
50.520206446252615
-41.53378778077248
-47.67600706830297
15.116444580187107
80.63164123119225
-37.262886515923825
-85.16663007333173
94.02872298085407
61.401599777494454
62.59896537801714
15.079438144440175
51.81620301872482
14.921395276667582
27.54844527982938
-15.433435055814044
49.35661920130218
83.8966086597558
41.324904422458275
46.32468615661526
-54.55805766314725
73.99056805511964
17.074583842746208
-79.99713119696735
2.12008007542741
51.72329443328215
-54.59247051061369
42.49654874455331
-78.69516740453292
-18.557908731674317
-23.880008532282687
-39.26155270441376
-4.501654250503478
-89.92912524150466
73.07312239205916
-77.16791198814556
9.474845657367752
-15.7736411351149
-2.7326655667708764
-13.711874778893417
1.7661435088364357
82.35746753801416
-50.8266925601726
32.62084192577751
-14.98718816853885
-91.75675774808248
76.32618932711202
-49.768617534869676
-80.39510736268653
-94.90680610123243
-74.84181054854236
45.2714285069373
-25.141746247363912
-37.38268655039714
97.90780226943014
98.46285090688943
-82.73204466036117
66.8509607791384
76.82820009700114
-64.01184081725167
78.87731025081763
56.12608717488706
95.19502467360675
67.20760134407863
54.086065339649565
56.515805097549844
-62.439464334745495
-57.93918561799485
40.43219647453785
90.05483133560014
31.032882379254204
85.26558645834638
3.5104991784909316
2.2420672332384157
-50.58560422044833
11.92090394561572
27.476263877146394
-57.619702191597156
-19.61754742101141
-16.771740652989294
-83.84969658610947
53.35509679895648
-72.02077849804243
-39.972786473612864
54.585911292475856
-71.4022752641032
52.09741447055467
17.179226261779434
-25.039739642968485
21.542757977546017
92.00101450339645
-34.042011324749396
28.767612045821977
83.46845031017506
66.51319816626142
-34.84565906982505
-15.915735510265165
-87.08936671791724
-51.178996725446034
46.36049200842592
-70.34248481181267
89.18615326078489
22.982415610759915
68.91407322154427
26.584457935183693
-60.5096048890712
14.547032221282848
-22.71021187778986
97.76875594165656
98.17851093516427
12.662920319244563
72.40663496054856
6.8070115263478215
-37.37665948526265
67.76901624091204
-30.206714545850005
-66.68951176566986
24.228041410943007
56.8889193763512
65.07338639429935
91.9765610193875
-92.93733333727215
-42.783755532458414
-78.28638715113591
65.15552258265356
46.880212278080535
-48.95801488621396
4.777505626256982
39.72340667094858
-32.761656714037215
85.94339394248357
-97.89408876095551
-71.80745178471686
39.09703880975758
-29.059511687503374
-52.62590762111286
49.57767642950185
56.01000079558921
-70.68158157223941
79.95585482417854
-66.70736444797711
-63.64972231485622
54.51204716203779
-11.555848295191652
-75.87333564159229
-15.352944026523502
-92.64593655648659
93.80552757970915
-97.84338931229455
36.38514331310495
-42.68498340657694
-84.25322757352114
12.664068572615392
97.70269878782253
64.61265387257106
-85.40483147788524
-82.42344050416185
48.80424947009624
12.415785955767134
34.69151476109383
71.97373877168741
57.908460695286095
-11.511656827038081
-62.023907319441406
-23.801924532853235
-62.89427936069416
-17.24515075571243
-92.28692321249605
-75.5495418226998
-53.60944219813943
22.1666029956844
71.37003551218103
-55.17859239452279
-21.42002779123517
43.556622575168376
23.45693667233661
80.77678463888327
54.148202722427385
57.0110179688445
36.77393781863097
-97.3468035784002
35.44145251496761
54.878413240542045
-22.031827972385614
-90.57664986972449
-92.78971385699644
-82.57087717151074
-92.64025972109067
62.985444250189346
15.501926170142681
-16.012025892731458
-41.23806509523664
-87.37454423114349
-80.13425578129781
89.3361555281646
79.27101731840779
76.72761538229597
-56.53499467536673
-20.55864217354018
-68.62653946323766
46.427297783007475
-97.03670089562483
27.199882584985872
11.977424002109728
87.24094102976844
56.046019662019035
-92.73364435467334
-44.37472577273327
-89.94973426477404
83.34690384142971
-66.32511536945809
95.02839298216301
29.921920724326327
85.74196842002718
44.80924252826088
-68.79523271444583
-18.043506375561563
82.5588928103434
-47.229021942266414
59.16278984414879
24.38324345394851
16.8842081497975
-87.50466205583807
-96.03257483591214
30.163830139409384
73.70418776458871
-68.54344804652932
-81.27466247568236
30.998555700979864
-9.197193326327849
-93.32947071747861
-15.303557026345914
-46.750680772456946
-93.02123183739135
48.254551634485324
-94.60527728210467
30.103515173011914
-85.17563306592082
-49.49482140966794
87.41177350446208
-10.295143895540676
20.591770142898653
-34.374873626946865
-44.82571288443036
-55.48131328674843
-1.387569574147335
70.09770431343918
93.55533842526208
-87.53256425464355
29.861268709341715
46.929078352033144
98.58493300051884
54.717169202731725
50.37670248092908
-41.93292379682867
-24.413240877403084
13.055382128760314
-84.31006378185286
44.979382665951306
-48.25304318331618
-69.9973338601682
-26.549066917830146
53.96024381177139
-33.93239812648274
-15.700420552906706
-5.708774842167145
-88.94442578564428
17.7466029960228
71.0001582373713
86.62267653243623
-37.177998509621005
-99.29867585029899
81.32818813011605
11.023449450105389
35.58954539674622
-51.504581100527844
64.58915892551374
-53.59641165497722
70.88446087132078
-66.85704106650073
-14.848529108501921
72.8271590575946
-4.471503950981443
-70.6402423927016
-57.10144832948634
37.826374546995396
75.34720228411362
85.9305953977894
0.7006367796738004
-23.007435177526105
1.042073870931631
-80.395968255381
-19.902695882298687
89.39023517838083
0.2444812631195532
-99.91000236679291
51.14120824519196
80.06302636826555
-71.04993617670637
70.93688396510288
-63.051655667740334
36.51991950480962
22.742054904270276
-73.11812795447416
72.42788488398355
79.38930602518471
-65.52201196742408
-66.81320150351377
-26.095451249659618
27.365096546528036
2.295527639560291
99.44516777359621
86.70197853281024
94.48538645924768
-31.457745704031012
21.890530863633145
76.8484147202837
-98.17716338970743
16.313527328197708
-57.121274388406775
-6.950950741986887
89.07572893590847
34.069570101899444
-87.37680757441845
-64.81935503630206
-85.96027653079548
26.57968454403789
17.54353521914041
96.08147616304024
7.073120945012178
-16.729330195268815
56.603073170871454
-31.553680105105926
-18.4469744327844
9.475843824661268
-41.95371380259121
-62.95681003215525
-97.68071595592028
87.92338915205994
-30.339514079219427
77.06524396878316
-4.941335145456122
21.69573034683299
-32.65036272081991
50.53698474817446
-6.931330547466402
-76.15109778265554
26.530273122474995
54.77998808736862
51.10869383716101
-68.27364868394561
19.693316665570222
-26.774222354770913
43.99091182461882
-81.83418585192467
-55.6338902276446
29.923768400923706
26.54622595997145
-46.01029437573776
94.30854081351657
-93.28869335518213
-64.46129894654689
25.641298326770794
39.726145681910424
2.9384909725550585
45.2299436977346
83.10037181604721
-83.08275114429043
67.05694500268802
43.42381763463854
-65.96731694444848
-27.729563381307855
15.096192508282243
-5.11542804783403
-6.7436485867934834
-61.523574750019016
31.294253433454458
35.980143944069596
-94.48850841004102
-9.265150445071498
30.783683779205376
-98.1720555005591
-67.95490780078859
76.75479500219262
45.81577366660542
-61.54596380576436
33.4348028087131
-9.157792803705078
99.70787502905986
22.511173276230195
-62.17417028354575
88.24875722074543
-60.342163482688214
-88.946151934711
-27.95352257351
13.935555350801025
-5.062693590661382
37.57203049539973
9.075035753686691
-32.83160000949512
-53.78128257874255
-81.21765090184869
-99.13378374504363
-39.45901604562092
-76.37332956582996
-34.66454926818136
-25.519554224829633
26.883221722163995
26.2604389071373
-98.38570151345249
58.97315983165757
-51.05635212355062
-98.0396123434735
-79.50157026384352
-43.05028101306794
90.35317990372084
89.9635086715684
-77.80457748299071
-0.24086483833971783
51.88158909813518
-30.39700397956726
-53.04584863634829
-88.22526977927205
8.438281369348815
-86.59247405903412
-20.31586639795964
52.491439143493295
